route_id,service_id,trip_id
1,1005,1594807
1,1014,589620
1,1015,184494
1,1015,73656
1,1016,278177
1,1017,396982
1,1019,1537945
1,1025,1194124
1,1025,231145
1,1027,32381
1,1037,1258522
1,1037,1558348
1,1037,869305
1,1046,93223
1,1050,1350916
1,121,1594994
1,125,187518
1,178,67206
1,186,440045
1,195,1596267
1,195,984113
1,2,1408073
1,201,1506842
1,21,1536126
1,219,231591
1,239,567526
1,245,139373
1,25,521075
1,250,1597723
1,250,418490
1,254,1221141
1,262,1572896
1,269,1429999
1,270,1119509
1,307,746652
1,31,521329
1,33,1002725
1,33,199379
1,33,20057
1,33,353513
1,33,824389
1,337,245326
1,353,653439
1,355,1454173
1,368,652179
1,377,397126
1,383,1028359
1,388,901170
1,435,516472
1,437,1223203
1,448,922159
1,470,86121
1,483,334286
1,502,755417
1,503,1060187
1,520,2781
1,529,465273
1,569,1606285
1,569,420178
1,578,241553
1,588,1079300
1,588,84968
1,615,1488165
1,615,1524865
1,615,277877
1,615,407864
1,615,452528
1,615,559345
1,620,221531
1,620,325840
1,691,189700
1,696,246846
1,729,1158399
1,729,1523031
1,748,1363317
1,748,505878
1,748,59983
1,752,1306531
1,752,268795
1,754,659659
1,756,1528127
1,756,309524
1,757,347753
1,765,1416813
1,765,511815
1,766,1004681
1,766,1087658
1,766,113288
1,766,1249101
1,766,1351105
1,766,13592
1,766,1385871
1,766,1518705
1,766,1564571
1,766,188567
1,766,242162
1,766,395554
1,766,490541
1,766,625674
1,766,686978
1,766,879853
1,766,932365
1,767,252204
1,768,1092363
1,778,577895
1,796,1057682
1,797,1364618
1,8,1228503
1,811,1102889
1,811,1177262
1,811,1349084
1,811,1359269
1,811,1441938
1,811,1482611
1,811,183841
1,811,317937
1,811,353314
1,811,479816
1,811,658167
1,811,870418
1,812,1176255
1,816,786262
1,83,556140
1,843,1194082
1,843,273622
1,843,404930
1,845,1508742
1,849,147603
1,853,1026468
1,866,1131991
1,866,448028
1,874,1185176
1,893,1490396
1,912,523030
1,917,448078
1,929,1478223
1,930,1032427
1,930,256673
1,940,878232
1,976,1421335
1,986,107306
1,986,1241397
1,986,1409298
1,986,1538818
1,986,164477
1,986,53642
1,986,625807
1,986,631862
1,986,769974
1,990,1449281
1,990,833180
10,1001,443457
10,1018,1001311
10,13,1546616
10,13,191922
10,13,302335
10,13,600976
10,137,1506914
10,183,1347268
10,248,631092
10,322,1175892
10,322,1331674
10,341,1040913
10,341,1307696
10,368,1501176
10,380,379833
10,380,922521
10,395,396552
10,395,481165
10,417,278316
10,423,796699
10,459,1003756
10,459,248973
10,459,253289
10,459,581885
10,566,1062848
10,578,337018
10,588,1570021
10,591,466805
10,614,1166721
10,615,1117502
10,615,343270
10,615,497017
10,615,578142
10,615,692260
10,615,789883
10,652,1036981
10,652,1528728
10,686,1411318
10,712,1161901
10,712,1293504
10,727,1104841
10,727,1285100
10,765,1553221
10,767,1381048
10,767,662355
10,773,1205797
10,828,365584
10,843,1207874
10,843,169677
10,843,200365
10,843,492908
10,843,499102
10,843,759396
10,843,817152
10,843,818049
10,853,1291083
10,853,1507774
10,862,1624065
10,862,822222
10,873,755504
10,882,1039261
10,882,1253848
10,882,1334776
10,882,238758
10,882,517248
10,926,229534
10,930,184646
10,94,1272351
10,94,694692
10,94,769891
10,94,810652
10,94,965763
10,947,365040
10,947,954853
10,957,1245603
10,961,1333173
10,961,66820
10,972,497096
10,99,1554156
10,999,179453
10,999,363849
11,133,138065
11,186,340301
11,263,33792
11,263,780195
11,359,1438557
11,359,425424
11,36,847762
11,366,1303555
11,402,1358033
11,497,1424691
11,497,397709
11,508,938755
11,527,494861
11,588,570374
11,590,1315485
11,597,222032
11,611,994344
11,615,19940
11,636,1603164
11,636,545959
11,658,959405
11,66,450079
11,670,85191
11,696,185614
11,748,1063068
11,748,259832
11,748,630935
11,785,1615012
11,785,327825
11,785,452522
11,785,592817
11,785,646514
11,785,804623
11,785,896953
11,785,98043
11,816,1428937
11,83,128942
11,843,1477306
11,847,1070773
11,847,1081838
11,847,1274997
11,847,1350821
11,847,1357411
11,847,1386255
11,847,502617
11,847,61167
11,847,626377
11,847,802800
11,847,921325
11,866,1191752
11,901,462103
11,902,776340
11,911,1300810
11,92,891323
11,95,1335203
11,95,1427434
11,960,308980
11,960,390981
11,966,1429305
11,97,1084340
11,983,1201917
11,983,1425912
11,983,1483405
11,983,1612984
11,983,289869
11,983,322942
11,983,899886
11,986,310351
12,1015,902417
12,1054,402850
12,107,1261694
12,107,633921
12,127,656565
12,186,232991
12,197,1095125
12,197,1599383
12,198,350391
12,261,590977
12,302,1242204
12,377,251847
12,39,981775
12,423,904715
12,482,215378
12,53,1603893
12,542,1367870
12,545,690197
12,588,1243701
12,588,151123
12,620,1469831
12,644,496014
12,645,612846
12,654,821854
12,699,713256
12,710,1207682
12,733,1367816
12,752,897782
12,765,1225352
12,765,500934
12,783,661742
12,853,1230047
12,905,1504929
12,908,1124834
12,908,1527767
12,947,395648
12,986,817883
13,1014,1061536
13,1024,261952
13,1037,1518699
13,1046,1135646
13,1046,1165790
13,1046,1434108
13,1046,149463
13,1046,402925
13,1046,767081
13,11,1548063
13,128,424534
13,139,3317
13,153,895446
13,177,15386
13,178,368627
13,186,20557
13,186,740482
13,198,1081954
13,198,282328
13,250,134728
13,258,251033
13,294,519442
13,296,556672
13,296,557730
13,301,1336679
13,31,806854
13,334,1219423
13,334,1273320
13,334,144041
13,348,1139207
13,348,257433
13,349,1493174
13,349,212970
13,349,707286
13,349,97602
13,351,82045
13,353,19077
13,389,441833
13,390,531919
13,405,1162285
13,405,51466
13,419,496213
13,423,105421
13,479,1049627
13,479,1531371
13,483,1406664
13,483,882724
13,488,191010
13,490,143128
13,534,164410
13,542,1505987
13,566,561005
13,569,1439033
13,569,417544
13,584,1485445
13,601,534446
13,604,610400
13,619,1008253
13,619,1015605
13,619,630662
13,624,221747
13,640,49460
13,664,206985
13,680,386937
13,690,1462967
13,726,444361
13,733,1520567
13,733,957921
13,739,559240
13,748,596146
13,752,1551744
13,752,165336
13,765,809460
13,766,1044824
13,766,1209764
13,766,622658
13,766,659012
13,766,672439
13,774,1133110
13,787,524609
13,787,830277
13,798,525621
13,806,946275
13,811,1010729
13,811,1175133
13,811,529876
13,811,759765
13,811,804325
13,812,1149050
13,812,997421
13,818,384380
13,843,1074591
13,843,366095
13,843,455555
13,851,1315637
13,851,907324
13,868,1401897
13,920,358551
13,922,1057986
13,931,1489033
13,947,1056804
13,972,1346073
13,980,449639
13,99,580470
13,99,853701
13,990,1385814
14,1014,1608108
14,1015,156511
14,1015,305553
14,1015,45085
14,1037,1321830
14,1037,582268
14,104,1557073
14,1042,1188957
14,1042,1524072
14,1042,878920
14,123,81317
14,125,86515
14,13,354390
14,13,911543
14,133,174538
14,139,248156
14,14,102980
14,195,1145810
14,195,1224803
14,195,389585
14,195,600114
14,195,710539
14,207,1190373
14,211,1080409
14,229,632087
14,239,749428
14,304,216740
14,336,1530979
14,337,381157
14,340,769356
14,352,466710
14,353,149956
14,353,1600818
14,353,621815
14,374,203090
14,377,1303400
14,377,915425
14,39,1548069
14,402,892706
14,419,288600
14,419,901674
14,464,1218682
14,471,1464225
14,485,1628267
14,493,880425
14,503,1159002
14,503,1335762
14,503,1337771
14,503,1485544
14,503,1564587
14,503,243139
14,503,407970
14,503,532864
14,503,690866
14,505,521971
14,551,483329
14,566,592696
14,566,836924
14,569,1011320
14,569,1530216
14,569,1630200
14,569,383165
14,569,807230
14,569,890557
14,578,1196204
14,578,482095
14,578,890072
14,578,917728
14,615,1538008
14,619,770138
14,647,507954
14,652,1469765
14,652,386343
14,652,910825
14,670,424734
14,674,506525
14,692,292905
14,699,942600
14,738,1536794
14,738,643201
14,748,353245
14,758,1093244
14,765,1262440
14,765,614954
14,766,148861
14,766,36982
14,766,563532
14,766,586915
14,766,663495
14,766,702209
14,766,704300
14,766,760819
14,766,90517
14,767,406383
14,777,1457749
14,782,1479226
14,786,631006
14,795,32694
14,800,1583299
14,812,641264
14,812,706508
14,816,1181101
14,816,847039
14,816,974012
14,82,1131434
14,823,415487
14,83,1140365
14,83,769435
14,847,1200803
14,868,1011545
14,868,821031
14,872,503164
14,887,404704
14,888,1588813
14,903,568374
14,938,1601515
14,946,84169
14,947,210946
14,947,30132
14,947,56850
14,950,193177
14,964,121733
14,98,1554070
14,98,291885
14,986,1089483
14,986,111562
14,986,1140240
14,986,1150285
14,986,1206828
14,986,1265719
14,986,1369352
14,986,1404995
14,986,1422381
14,986,1520669
14,986,1582172
14,986,1583312
14,986,235272
14,986,243287
14,986,368256
14,986,403887
14,986,496775
14,986,556495
14,986,559421
14,986,58769
14,986,696256
14,986,708735
14,986,743042
14,986,74587
14,986,769376
14,986,816712
14,986,840786
14,986,860311
14,986,917928
14,986,996322
14,990,1314610
14,990,1478353
14,990,384704
14,990,735251
14,991,1030571
14,995,1266469
14,995,1336662
14,995,325380
14,995,385523
15,10,104808
15,10,1410731
15,1006,269435
15,1037,1047997
15,1040,1180676
15,1042,340824
15,1046,1044307
15,1046,1049639
15,1046,1161055
15,1046,116845
15,1046,1332974
15,1046,1427493
15,1046,1521956
15,1046,156554
15,1046,317794
15,1046,321837
15,1046,451855
15,1046,643629
15,1046,669560
15,1046,859031
15,1046,916608
15,1046,952053
15,105,1244014
15,1055,10003
15,1055,456123
15,110,115687
15,117,1092223
15,117,1182071
15,117,1415805
15,117,190237
15,117,208814
15,117,245676
15,117,328466
15,117,398913
15,117,563522
15,125,550018
15,133,1441249
15,186,120683
15,186,398788
15,198,1042575
15,198,1120986
15,198,1200271
15,198,1205908
15,198,1266132
15,198,1543316
15,198,279134
15,198,388174
15,198,490063
15,198,708261
15,198,719581
15,198,866017
15,208,1348674
15,208,1376504
15,208,1409138
15,208,1410085
15,208,1598222
15,208,37598
15,208,516601
15,208,841217
15,234,1474317
15,234,707659
15,246,1319407
15,258,1111537
15,258,1329530
15,258,839926
15,268,837350
15,274,458939
15,296,10114
15,296,43596
15,297,820384
15,300,428365
15,306,75931
15,31,1035976
15,315,1356208
15,321,1286599
15,331,944961
15,350,523590
15,351,1049870
15,351,1055612
15,351,276656
15,351,353886
15,351,385842
15,351,394091
15,353,1226738
15,353,39138
15,353,944285
15,358,1117790
15,358,1396940
15,368,1052046
15,377,281547
15,39,1209664
15,39,366497
15,39,448444
15,39,508792
15,39,629265
15,39,735640
15,39,773167
15,39,835030
15,39,851979
15,39,925579
15,39,962732
15,39,968519
15,39,972115
15,401,110156
15,401,277048
15,402,1115139
15,402,511140
15,407,290859
15,415,961327
15,419,131025
15,419,384350
15,460,445448
15,479,1492013
15,488,1093867
15,488,1207795
15,504,1382790
15,538,51838
15,566,835454
15,567,341266
15,569,1552468
15,569,1629625
15,569,285134
15,578,1419569
15,578,695480
15,606,1059852
15,606,1133639
15,606,1429514
15,606,1541821
15,606,373990
15,606,379359
15,606,402463
15,606,498988
15,606,71739
15,606,718193
15,606,848504
15,606,959679
15,612,1521225
15,613,307655
15,615,1184428
15,615,1239367
15,615,1315939
15,615,1346405
15,615,1380666
15,615,279856
15,615,300021
15,615,388087
15,615,400792
15,615,48171
15,615,804474
15,615,886402
15,618,1458931
15,662,1371912
15,726,1344410
15,733,34962
15,733,366513
15,733,613837
15,748,1357599
15,748,1618046
15,748,403164
15,748,527051
15,752,1140465
15,752,449700
15,752,518317
15,752,8098
15,765,456058
15,798,1625205
15,811,1036452
15,811,1070869
15,811,1185656
15,811,1192072
15,811,1314025
15,811,161643
15,811,336310
15,811,56760
15,811,581930
15,811,757501
15,812,1070137
15,812,1485944
15,812,28286
15,812,645178
15,812,976655
15,83,400142
15,843,20102
15,843,852597
15,868,1110196
15,868,359601
15,868,622254
15,868,682596
15,868,851695
15,885,1301532
15,890,397862
15,917,1371425
15,917,541569
15,940,177723
15,952,651398
15,971,481143
15,978,14924
15,98,145879
15,985,593970
15,99,481978
15,99,871042
15,990,1148655
15,990,1344171
15,990,1632526
15,990,36252
15,990,923804
15,993,1209162
15,995,1007135
15,995,1346410
16,1014,1073467
16,1015,1201561
16,1015,1302222
16,1015,1439509
16,1015,342833
16,1024,250181
16,103,1121816
16,1042,1318754
16,1042,1430506
16,1042,1437801
16,1042,202432
16,1042,418003
16,1046,1002662
16,1046,1120656
16,1046,1145790
16,1046,1291222
16,1046,1318055
16,1046,1512973
16,1046,1625096
16,1046,17343
16,1046,183333
16,1046,189145
16,1046,372051
16,1046,520429
16,1046,547162
16,1046,645160
16,1046,777586
16,106,882155
16,1063,189235
16,1064,1611216
16,119,1352858
16,125,1363146
16,13,143482
16,13,160139
16,133,1541317
16,133,1586765
16,140,443183
16,147,1474687
16,178,1154258
16,186,101787
16,186,305138
16,186,331252
16,186,47329
16,186,900512
16,19,310033
16,199,631224
16,207,767035
16,213,7804
16,222,1522136
16,227,380720
16,246,1261046
16,250,1121994
16,250,1610199
16,250,308782
16,253,1447219
16,253,181943
16,267,1219180
16,299,246162
16,299,28568
16,299,417929
16,299,65946
16,299,974732
16,31,1222790
16,31,72863
16,325,999184
16,345,1191816
16,351,344721
16,351,857356
16,351,912141
16,351,993298
16,353,434720
16,366,764269
16,377,1592395
16,377,340670
16,377,384521
16,377,841658
16,390,18370
16,390,285028
16,390,307345
16,390,498270
16,390,579724
16,402,1172111
16,402,1417351
16,402,168990
16,402,746960
16,402,751305
16,405,101824
16,419,577193
16,419,957604
16,453,1181069
16,488,101555
16,488,1415714
16,488,850553
16,51,1168077
16,556,1078134
16,566,194035
16,566,971917
16,569,1092835
16,569,71177
16,575,761902
16,578,40475
16,578,483572
16,608,1437818
16,609,145825
16,609,1464892
16,609,339832
16,609,989937
16,615,1431108
16,618,1496002
16,618,745542
16,619,1162498
16,619,130089
16,619,1417746
16,619,1481890
16,619,149652
16,619,1565199
16,619,171487
16,619,171810
16,619,199953
16,619,249455
16,619,414005
16,619,521506
16,619,733708
16,619,808055
16,619,839021
16,629,194614
16,636,1418088
16,639,457815
16,652,1564062
16,652,772491
16,657,1586967
16,684,165564
16,689,236571
16,709,1023873
16,709,716312
16,71,1211702
16,71,567685
16,71,722301
16,71,901894
16,717,1484133
16,717,1526922
16,748,1046262
16,748,1055956
16,748,111726
16,748,1122996
16,748,126020
16,748,600179
16,752,1383641
16,752,457537
16,752,582044
16,752,743783
16,752,980068
16,763,1278646
16,763,1496077
16,763,1614408
16,763,320523
16,765,1390884
16,765,141963
16,765,558461
16,765,621477
16,765,808735
16,767,759116
16,81,598348
16,811,127273
16,811,1550087
16,811,241757
16,811,273434
16,811,328197
16,812,1215630
16,812,376168
16,812,456307
16,812,562187
16,813,394932
16,816,1594287
16,816,372499
16,816,739703
16,816,759315
16,823,1538460
16,825,6426
16,83,1325821
16,83,596968
16,83,871869
16,843,1252412
16,853,109382
16,853,1305140
16,853,261473
16,868,1011267
16,868,581259
16,917,1315921
16,917,596982
16,932,239421
16,947,1348604
16,947,554223
16,956,1447133
16,959,1141434
16,98,114393
16,98,694863
16,981,785947
16,984,1333201
16,99,1155029
16,99,1602676
16,99,58954
16,99,689894
16,990,1338774
16,990,368900
16,990,519972
16,990,561991
16,995,1032488
16,995,1149663
16,995,40819
16,995,955801
17,352,1319171
17,371,1110256
17,371,1148793
17,371,931446
17,503,147831
17,503,1499387
17,503,385542
17,503,634029
17,748,121784
17,748,453039
17,748,762075
17,986,1013265
17,986,1445468
17,986,1632724
17,986,228712
18,207,517760
18,423,1053506
18,423,1069030
18,423,1250176
18,423,1282290
18,423,1460782
18,423,1504140
18,423,219981
18,423,556175
18,423,665653
18,423,778913
18,423,823831
18,423,91104
18,589,362525
18,699,443484
18,756,961886
18,765,726475
18,856,247624
18,856,468208
19,11,1489091
19,601,1096271
2,157,1149253
2,157,890111
2,22,36070
2,41,13273
2,411,1439421
2,637,184502
2,642,1440386
2,748,1518011
20,1015,1327593
20,1015,772501
20,1046,1120153
20,1046,1356645
20,1046,225958
20,1046,279545
20,1046,698908
20,162,1441958
20,197,1245907
20,275,1248079
20,275,804443
20,406,10926
20,423,1249073
20,423,1445887
20,593,540943
20,605,433727
20,619,815015
20,620,204270
20,620,282357
20,699,1071558
20,699,974344
20,702,1484635
20,765,847940
20,801,397450
20,860,992950
20,871,1127172
20,891,911572
20,904,1438586
20,904,785187
20,907,130639
20,907,146885
20,995,1201516
21,1,611577
21,1003,393444
21,1013,948936
21,1015,818573
21,1017,1178267
21,102,963488
21,13,1451464
21,13,37997
21,13,410485
21,150,1471462
21,150,453028
21,150,947285
21,186,606148
21,186,87558
21,198,1425032
21,198,600537
21,198,696028
21,249,1590828
21,249,724680
21,249,735223
21,303,1259548
21,303,1267849
21,303,686972
21,31,438840
21,314,1224126
21,314,919094
21,334,781274
21,338,351535
21,34,663418
21,348,1238393
21,353,488555
21,364,1458125
21,396,1164810
21,410,1521545
21,414,1078699
21,428,492637
21,432,1580109
21,442,1025119
21,442,964957
21,479,1192923
21,483,339713
21,483,649592
21,490,1539835
21,494,996684
21,521,1435543
21,534,645520
21,569,172109
21,569,322842
21,6,343014
21,675,1045655
21,72,1103518
21,752,1091338
21,752,1256760
21,752,977001
21,766,1101832
21,766,1300030
21,766,1344935
21,766,282743
21,766,336216
21,766,34060
21,766,577882
21,766,634629
21,766,851442
21,806,1382097
21,811,938378
21,812,1007735
21,812,129321
21,816,1507705
21,830,881081
21,838,1209958
21,851,447800
21,851,824985
21,921,70061
21,972,413857
21,972,590806
22,100,1108689
22,1004,727368
22,1015,1323903
22,1015,1481786
22,1015,1550551
22,1015,227788
22,1015,284735
22,1015,311988
22,1037,151507
22,1044,153890
22,1046,1294972
22,1046,1576083
22,1046,215382
22,1046,231818
22,1046,396855
22,1046,590710
22,1046,791403
22,1046,793728
22,1046,811249
22,1046,954094
22,1046,963822
22,1046,994098
22,105,1061050
22,108,1617294
22,108,767550
22,13,696626
22,133,417447
22,133,639289
22,141,211059
22,169,946169
22,178,562462
22,186,112209
22,186,653709
22,186,769310
22,186,905036
22,186,946298
22,188,983321
22,198,1280132
22,198,1280907
22,198,1354694
22,198,1375063
22,198,1477539
22,198,563662
22,198,570901
22,198,716713
22,198,798834
22,198,882502
22,207,932117
22,209,1150906
22,209,1248023
22,209,1555318
22,209,1559130
22,209,42493
22,209,436130
22,209,480204
22,209,66537
22,209,680414
22,209,949274
22,209,978573
22,23,246319
22,234,1039238
22,234,1139101
22,234,1140532
22,234,1185436
22,234,1227114
22,234,122908
22,234,397819
22,234,519030
22,234,5239
22,234,63407
22,234,969430
22,264,75677
22,293,1336835
22,306,1547637
22,353,1420265
22,353,601051
22,353,613204
22,353,83701
22,353,978006
22,358,574395
22,39,101777
22,39,1528814
22,39,96512
22,402,139009
22,402,466539
22,402,670617
22,419,1626028
22,483,1471386
22,488,991622
22,522,65180
22,540,1462295
22,56,255773
22,569,1022799
22,569,1221692
22,569,1334532
22,569,349982
22,569,772097
22,578,1153180
22,578,1513339
22,578,1519445
22,578,786194
22,602,1078772
22,652,873954
22,668,321287
22,707,1491718
22,715,1045300
22,733,1087789
22,733,1631466
22,733,300895
22,733,487443
22,733,525907
22,745,977413
22,748,1585336
22,748,303710
22,748,627565
22,748,901497
22,765,10169
22,765,104389
22,765,1223715
22,765,1549503
22,765,860951
22,773,303210
22,775,94353
22,804,640465
22,812,1115475
22,816,489091
22,816,51804
22,816,579881
22,83,1125768
22,83,257285
22,832,14086
22,832,402403
22,843,1337612
22,843,746407
22,843,758824
22,843,875132
22,857,888052
22,868,1614931
22,868,22328
22,868,68646
22,868,855160
22,916,1581538
22,917,570404
22,919,924270
22,933,1172189
22,947,732353
22,98,620140
22,98,998923
22,988,1097086
22,99,1231321
22,990,1544481
22,995,127731
22,995,1587405
22,995,1607803
22,995,339470
22,995,968339
23,1052,281783
23,11,542362
23,11,762011
23,117,874098
23,139,798403
23,177,995992
23,24,1202339
23,331,11861
23,331,35362
23,331,872087
23,390,109449
23,390,49804
23,390,746470
23,473,1474569
23,473,1585328
23,479,1158341
23,479,573542
23,479,724494
23,578,1521978
23,594,892878
23,613,1051459
23,766,200829
23,766,243157
23,766,849127
23,879,52045
23,917,1040859
23,922,104804
24,166,1150495
24,177,1162768
24,177,1423255
24,177,202529
24,190,277916
24,190,847437
24,190,967417
24,247,453662
24,272,1159771
24,272,772541
24,302,322101
24,4,985490
24,400,178375
24,423,567616
24,476,29246
24,49,1233435
24,49,755109
24,619,10142
24,619,1016108
24,619,101715
24,619,1031153
24,619,1401118
24,619,862638
24,619,9301
24,620,1215059
24,620,1223390
24,620,417670
24,648,1344524
24,648,90046
24,766,1178353
24,811,376621
24,811,43717
24,811,587805
24,811,71924
24,811,725586
24,811,879395
24,811,88871
24,811,945417
24,820,795204
24,904,1025442
24,976,1105095
25,225,1080839
25,225,1475679
25,225,477504
25,225,517294
25,766,1052489
25,766,1063867
25,766,1143714
25,766,1351415
26,1010,1345318
26,1015,535915
26,1015,678438
26,1015,766984
26,1015,911931
26,1037,750191
26,1038,1340219
26,1038,1539855
26,1046,1051158
26,1046,1108499
26,1046,1446274
26,1046,1541989
26,1046,317418
26,1046,515642
26,1046,584176
26,1046,627069
26,1046,64392
26,1046,712152
26,1046,72220
26,1050,507299
26,133,1189672
26,133,1393887
26,133,1577386
26,133,53631
26,133,555256
26,133,819170
26,177,1078728
26,177,1097558
26,177,1183970
26,177,1189070
26,177,1515860
26,177,1635675
26,177,176057
26,177,290637
26,177,326227
26,177,42629
26,177,843312
26,177,866352
26,177,889477
26,178,1500941
26,178,286804
26,178,457532
26,178,670335
26,178,959968
26,186,1449903
26,289,352781
26,329,369296
26,355,1524395
26,369,108350
26,369,115610
26,369,126480
26,369,1275259
26,369,1289642
26,369,1570746
26,38,1111663
26,399,1436759
26,402,418379
26,426,75848
26,445,661803
26,479,1629016
26,479,461027
26,483,153224
26,483,45360
26,488,1131981
26,536,15508
26,607,645516
26,625,790064
26,625,961350
26,633,194818
26,681,1228781
26,706,275762
26,747,438262
26,748,1036747
26,748,1462755
26,748,1560482
26,748,565769
26,752,1083447
26,806,110183
26,806,1174127
26,806,1203178
26,806,1203959
26,806,1243435
26,806,424092
26,806,476677
26,806,589724
26,806,911155
26,811,1018610
26,811,1057868
26,811,1218672
26,811,1229372
26,811,1483138
26,811,1503910
26,811,220022
26,811,308016
26,811,438601
26,811,447262
26,811,571345
26,811,65339
26,812,964337
26,814,251430
26,814,80077
26,843,1156483
26,843,1261234
26,843,1302446
26,843,444641
26,843,889936
26,843,937593
26,843,948155
26,843,970601
26,846,533822
26,846,919969
27,1048,1412297
27,160,217034
27,160,78152
27,160,79640
27,160,805061
27,259,1214045
27,286,802247
27,337,321671
27,362,943652
27,376,148262
27,577,490430
27,720,873628
27,748,259484
27,748,481264
27,79,385514
27,83,415084
28,1014,1223315
28,1024,687743
28,1026,1042413
28,178,67403
28,178,910106
28,243,1497856
28,250,1169877
28,257,1126294
28,337,233354
28,337,696396
28,337,721348
28,447,1558984
28,483,362758
28,488,953187
28,501,888636
28,569,1498820
28,569,378807
28,611,1519950
28,611,66938
28,643,753777
28,644,141370
28,669,962227
28,718,1475838
28,748,1204159
28,765,916821
28,811,774911
28,818,703108
28,843,1611927
28,843,232963
28,91,1066466
28,917,762873
28,947,140468
28,947,875008
28,976,895145
28,995,1036455
29,39,1098618
29,39,1438608
29,39,1478415
29,39,1577800
29,39,174174
29,39,239303
29,39,769229
29,39,844723
3,225,395053
3,766,1258759
30,1014,659213
30,1014,842146
30,1014,873372
30,1015,1027895
30,1015,1518151
30,1015,1555714
30,1042,169762
30,1042,777801
30,1042,822640
30,1046,1053379
30,1046,1070223
30,1046,1083644
30,1046,112102
30,1046,1165810
30,1046,1200631
30,1046,1209447
30,1046,1264276
30,1046,1268874
30,1046,1274754
30,1046,1437624
30,1046,1515431
30,1046,1589933
30,1046,29643
30,1046,318667
30,1046,351247
30,1046,391384
30,1046,478050
30,1046,526198
30,1046,536857
30,1046,561541
30,1046,596989
30,1046,684913
30,1046,687035
30,1046,698798
30,1046,794381
30,1046,797162
30,1046,881477
30,1046,902038
30,1046,906073
30,1046,908805
30,1046,925592
30,1051,81170
30,116,1294484
30,13,565424
30,133,1043986
30,133,411458
30,135,685520
30,149,791563
30,154,1014598
30,154,202913
30,186,1047880
30,186,905865
30,188,1526722
30,197,16009
30,238,1206122
30,273,686947
30,310,102858
30,312,1400452
30,351,1621006
30,351,436291
30,351,995251
30,353,1365856
30,353,390403
30,353,399568
30,353,506821
30,364,659892
30,366,159613
30,375,1478330
30,377,1154457
30,377,1208352
30,384,1321434
30,384,959590
30,40,1023145
30,402,504183
30,419,55992
30,419,844290
30,453,643922
30,465,1480617
30,479,203533
30,488,661718
30,488,956654
30,534,364160
30,537,778565
30,559,1177810
30,559,1387974
30,566,220290
30,566,681404
30,566,840843
30,569,1321953
30,578,1126463
30,578,185292
30,578,817115
30,578,894543
30,581,1441726
30,59,656183
30,599,1167788
30,61,602460
30,617,374193
30,619,601423
30,620,1359232
30,620,1431591
30,620,1502720
30,637,1334685
30,649,1159587
30,652,1544535
30,652,296175
30,652,483166
30,672,321112
30,673,731513
30,676,238784
30,676,747937
30,68,1115397
30,694,523574
30,742,322300
30,748,1516055
30,748,375320
30,748,866936
30,752,1232356
30,752,1611048
30,752,196320
30,752,232695
30,752,49256
30,752,56952
30,765,1574370
30,765,220888
30,765,614656
30,765,743512
30,771,530223
30,776,1162940
30,811,553423
30,812,197918
30,813,1515569
30,83,1627302
30,83,503408
30,835,198484
30,843,1186588
30,843,277264
30,846,1360242
30,846,1475075
30,846,688404
30,850,1380339
30,850,874809
30,853,1606078
30,853,170087
30,853,801648
30,863,890521
30,868,24484
30,868,897549
30,88,575804
30,88,717134
30,884,654972
30,9,1390427
30,904,1065602
30,905,309217
30,907,1157999
30,907,1414627
30,907,149026
30,907,1503879
30,907,1518774
30,907,1535332
30,907,1555351
30,907,156987
30,907,1602261
30,907,1610133
30,907,283936
30,907,325261
30,907,480761
30,907,612214
30,907,9832
30,907,983227
30,917,382621
30,917,445225
30,927,825253
30,944,1098737
30,995,478931
31,1037,664076
31,1049,253634
31,1049,8165
31,119,1269343
31,130,1229835
31,130,900335
31,156,1273025
31,158,855964
31,177,1062926
31,177,309913
31,178,1197257
31,178,1276956
31,178,289901
31,186,1351149
31,186,260009
31,265,1120990
31,329,454011
31,334,1275764
31,334,1447640
31,334,198715
31,334,527532
31,334,666294
31,334,917318
31,334,937338
31,402,269209
31,426,492047
31,44,335340
31,446,1222199
31,479,732204
31,479,92076
31,480,443055
31,488,1547758
31,518,693875
31,545,995300
31,55,229559
31,57,1204425
31,57,1523000
31,57,544229
31,580,727745
31,595,1093925
31,61,1236531
31,61,1597430
31,61,633750
31,625,572457
31,67,446692
31,693,1199293
31,693,1315927
31,693,145138
31,693,696606
31,730,1220868
31,752,375460
31,77,1497465
31,806,1395589
31,806,1410966
31,806,205915
31,806,311923
31,806,391326
31,806,408287
31,806,482742
31,806,668280
31,806,788791
31,811,1004288
31,811,1020917
31,811,1429055
31,811,1458851
31,811,1469964
31,811,1498159
31,811,191259
31,811,428023
31,811,652770
31,811,72724
31,811,912631
31,813,1227059
31,818,1431468
31,818,1463625
31,843,1108987
31,852,612994
31,880,847366
31,898,1494720
31,917,1332176
31,947,109832
31,947,1139503
31,947,1197470
31,947,1417217
31,947,230904
31,947,456375
31,947,530471
31,947,659902
31,947,689902
31,947,784280
31,947,851532
31,947,938251
31,948,1142905
31,977,634161
31,986,656150
32,1043,33377
32,615,504442
32,811,1455209
32,811,540262
32,83,981456
32,889,378029
32,917,1235965
33,1019,1623234
33,1025,1283053
33,1037,1276508
33,1042,910368
33,1046,292086
33,105,237429
33,117,485246
33,13,777706
33,133,384963
33,183,141788
33,185,825414
33,229,1467947
33,331,1200023
33,331,1425986
33,331,147872
33,331,382607
33,352,1261561
33,353,72831
33,375,441417
33,390,696470
33,390,763700
33,392,1479856
33,402,653074
33,405,458110
33,436,757240
33,438,1068295
33,449,1314647
33,456,1514928
33,503,1559392
33,503,459299
33,503,932074
33,503,961049
33,503,990623
33,507,1329107
33,531,87778
33,54,1241489
33,545,990984
33,566,212373
33,569,644106
33,578,1174973
33,578,487615
33,615,577543
33,619,290446
33,620,216591
33,652,1502842
33,663,814963
33,69,335513
33,697,623386
33,697,817012
33,711,45099
33,714,1025364
33,714,1398545
33,714,608946
33,724,1086013
33,724,1335641
33,724,947800
33,748,388547
33,752,1520319
33,766,218974
33,766,240018
33,766,665767
33,766,72523
33,766,830022
33,784,1252018
33,790,1427716
33,811,1347353
33,812,1318697
33,83,1007389
33,833,144626
33,843,1251036
33,843,1453685
33,843,1504748
33,843,366250
33,843,564525
33,843,729609
33,847,339898
33,847,42733
33,853,927174
33,853,997480
33,887,1215812
33,887,1520372
33,925,880241
33,947,653960
33,986,1082661
33,986,1338382
33,986,1360381
33,986,1510942
33,986,853908
33,986,856566
33,99,831098
33,990,370957
33,995,297707
33,995,465079
34,1000,976340
34,1014,1421910
34,1036,567032
34,1037,1281719
34,1042,656102
34,1053,386144
34,1059,1336394
34,117,1056551
34,117,1339288
34,117,1582312
34,117,409185
34,117,48955
34,117,515058
34,164,1601057
34,178,541150
34,186,653998
34,212,1628053
34,214,1469031
34,230,1600258
34,233,228892
34,241,1181745
34,292,625801
34,295,133100
34,315,752015
34,331,1431834
34,331,768503
34,347,176878
34,351,239751
34,351,669432
34,352,1410670
34,353,1239832
34,364,1024233
34,364,177936
34,366,1155475
34,372,629037
34,377,955898
34,39,1079986
34,39,1224175
34,39,1236918
34,39,1300836
34,39,218930
34,39,275626
34,39,354973
34,39,433001
34,39,704591
34,39,789656
34,390,1262635
34,390,1560981
34,390,687354
34,390,70924
34,402,1399020
34,431,511666
34,455,1172133
34,473,197870
34,479,375092
34,479,628663
34,488,758254
34,516,7680
34,56,577706
34,560,521912
34,569,667649
34,613,961683
34,615,1268116
34,620,1352568
34,620,411863
34,666,248165
34,701,325859
34,711,1507693
34,72,783289
34,733,623656
34,734,556058
34,752,1264000
34,752,1439722
34,761,33105
34,765,425474
34,766,419084
34,767,1471013
34,812,1268185
34,816,1586747
34,827,163716
34,827,469435
34,83,1423484
34,83,622639
34,837,1445088
34,856,723547
34,865,1558794
34,866,1435554
34,868,1237208
34,917,1628757
34,917,679184
34,953,527483
34,961,821502
34,973,1057609
34,990,1433701
34,990,300889
34,990,530293
34,990,555758
34,995,589193
34,995,808466
35,11,1296701
35,11,1437605
35,11,1498817
35,11,314579
35,11,359826
35,11,699014
35,11,782986
35,11,820892
35,11,969911
35,117,528489
35,13,466264
35,133,594503
35,163,997915
35,206,814318
35,351,615672
35,352,511090
35,353,1604573
35,353,388525
35,357,908910
35,39,379388
35,390,1247910
35,390,1298582
35,390,1323108
35,390,1480698
35,390,1576220
35,390,78566
35,390,807471
35,390,940703
35,402,630800
35,423,305501
35,423,362452
35,423,574796
35,601,1053252
35,619,197028
35,63,1351597
35,683,1210209
35,73,304164
35,744,1186537
35,752,1572403
35,774,1080581
35,856,506749
35,867,684744
35,868,1545397
35,868,560062
35,868,970206
35,892,759842
35,894,249022
35,914,1104671
35,99,1157525
35,99,290830
35,99,466086
35,990,1619511
35,990,420941
35,990,505966
35,990,795658
35,995,439158
35,995,799915
36,1054,413052
36,107,1238982
36,107,945281
36,177,759166
36,194,1629844
36,197,1571655
36,197,827875
36,261,140469
36,285,498257
36,377,202404
36,404,1008234
36,423,464574
36,423,870182
36,545,723819
36,568,1213206
36,588,782087
36,588,980245
36,644,753438
36,699,421071
36,752,519803
36,765,878717
36,839,4685
36,853,462684
36,908,1500900
36,908,1614266
36,986,1305378
37,171,845531
37,359,1466368
37,366,1362799
37,366,220230
37,366,949319
37,497,422077
37,588,1113545
37,588,1341599
37,588,251437
37,615,556158
37,748,1034698
37,748,1409418
37,785,1446527
37,785,346550
37,785,613827
37,843,693149
37,847,1462485
37,847,818098
37,847,906362
37,854,1141381
37,882,829103
37,95,924686
37,983,1032323
37,983,1034592
37,983,235504
38,334,1634037
38,334,188405
38,334,4263
38,334,647673
38,334,854685
38,353,1258723
38,389,1589868
38,389,172567
38,389,45875
38,389,784556
38,389,804452
38,389,8849
38,390,1193693
38,390,1198935
38,390,640691
38,390,666306
38,529,1297062
38,644,1415653
38,644,1415866
38,644,1422407
38,644,1438850
38,644,1456056
38,644,228763
38,644,342762
38,644,49156
38,644,51841
38,644,558653
38,685,1008316
38,685,1048756
38,685,1152401
38,685,1232843
38,685,1522939
38,685,226171
38,685,419943
38,685,528970
38,685,845039
38,816,1473132
38,816,1495161
38,918,1439174
38,922,1279943
39,1009,645835
39,1048,1419557
39,130,1282590
39,130,942420
39,160,1530824
39,160,259631
39,160,763972
39,160,847211
39,259,705513
39,286,827300
39,317,1147607
39,337,1634669
39,337,203315
39,346,351620
39,346,481684
39,362,396353
39,376,905572
39,500,818789
39,509,114392
39,509,1440741
39,533,1044621
39,533,17883
39,546,1620688
39,566,1213365
39,577,211122
39,592,492938
39,610,1009470
39,610,1392062
39,610,987335
39,626,838321
39,676,567991
39,708,1394572
39,720,382144
39,748,167170
39,748,224327
39,748,276799
39,748,29095
39,748,417146
39,748,432391
39,748,501035
39,748,59762
39,748,759548
39,748,79598
39,748,797480
39,748,887949
39,748,897314
39,774,1266811
39,79,501581
39,828,219846
39,828,46965
39,83,1424448
39,986,120404
39,986,1472383
39,986,1523661
39,986,848454
39,992,517865
39,995,721726
4,297,1225304
4,337,773901
4,503,1405176
4,603,1065216
4,843,1376530
4,986,81208
40,1037,1581158
40,1037,1628793
40,1037,370584
40,1037,627738
40,1042,1556628
40,1046,1112429
40,1046,1279781
40,1046,1318268
40,1046,1448014
40,1046,1466752
40,1046,1531339
40,1046,363564
40,1046,534693
40,1046,839153
40,1046,848499
40,13,67795
40,133,1571797
40,145,1464151
40,152,846299
40,184,1158453
40,186,1108997
40,186,1418292
40,186,1436984
40,188,719450
40,198,1028342
40,198,1442738
40,198,158948
40,198,430686
40,258,644437
40,268,386870
40,293,935268
40,296,104223
40,296,1202643
40,296,417846
40,296,7147
40,306,1323799
40,32,1446164
40,33,1407963
40,351,199387
40,353,1005154
40,353,1152136
40,353,366686
40,377,820825
40,402,716063
40,402,718701
40,418,1381590
40,419,386378
40,483,1031092
40,483,1064431
40,483,153929
40,483,158049
40,483,392635
40,483,547267
40,483,678801
40,483,693375
40,483,702363
40,483,955912
40,488,634832
40,503,1000106
40,503,1198951
40,503,1474242
40,503,528669
40,503,575812
40,503,733601
40,513,259812
40,569,12777
40,569,925536
40,578,1056530
40,615,1347692
40,615,737982
40,615,753962
40,620,144029
40,620,854351
40,628,1513288
40,700,947053
40,722,46694
40,726,466929
40,733,1185011
40,733,1586545
40,733,450568
40,733,515368
40,733,713927
40,733,714545
40,733,722709
40,748,1152159
40,748,1494167
40,748,630993
40,763,684870
40,765,1338000
40,766,1609125
40,766,812294
40,766,856649
40,798,1425384
40,807,1478247
40,812,1187159
40,812,20995
40,812,645924
40,813,283185
40,816,719546
40,83,9896
40,832,1616269
40,843,1275003
40,843,1573767
40,843,662286
40,843,730173
40,843,844314
40,853,81953
40,868,1610808
40,868,429293
40,868,86713
40,931,1462104
40,931,177801
40,931,295057
40,931,769393
40,963,1049960
40,98,446140
40,989,919076
40,99,1309036
40,990,820233
41,1062,1328316
41,1062,1575302
41,109,235067
41,140,477162
41,157,113810
41,157,841125
41,174,425913
41,193,448310
41,220,206202
41,221,1090419
41,236,50596
41,266,619494
41,316,111624
41,316,1343101
41,316,1428270
41,316,170455
41,316,319223
41,316,798344
41,319,1113357
41,353,815417
41,365,1153454
41,408,637301
41,418,1369536
41,423,1076466
41,423,1165016
41,423,20028
41,423,400769
41,436,794191
41,441,1288401
41,441,1526516
41,519,311191
41,525,555327
41,529,1568785
41,570,436808
41,600,787875
41,616,648539
41,620,1044776
41,620,1164438
41,620,122019
41,620,1289693
41,620,1316703
41,620,1478774
41,620,148733
41,620,1599713
41,620,631306
41,629,648664
41,629,912563
41,677,108000
41,677,1170443
41,677,158836
41,677,600363
41,677,860959
41,677,973501
41,678,50496
41,703,1146950
41,72,790177
41,72,793350
41,723,1475000
41,728,473010
41,728,768643
41,755,1186101
41,759,1383264
41,759,173633
41,763,1177183
41,763,1493515
41,763,1495022
41,763,1561162
41,763,1574689
41,763,354937
41,763,363010
41,763,380352
41,763,380779
41,763,428569
41,763,458136
41,763,475965
41,763,590679
41,763,602578
41,763,629906
41,763,705935
41,816,1307036
41,816,324064
41,859,355645
41,876,551728
41,897,1056683
41,897,1281384
41,912,1030578
41,917,1086905
41,917,226410
42,126,1359760
42,186,1567561
42,353,921996
42,394,31011
42,402,763625
42,718,676134
42,769,1040807
42,78,890681
42,812,1041402
42,968,1270527
43,398,1348043
43,398,441976
43,398,806859
43,498,625623
43,523,1449919
43,523,349017
43,619,1304888
43,619,574276
43,619,677202
43,619,782781
43,619,939447
43,619,955119
43,732,3791
43,841,203450
43,841,662594
43,841,831681
43,99,1049801
44,198,500249
44,198,846251
44,216,1106182
44,216,798637
44,298,3462
44,298,940221
45,1009,1401402
45,1009,1429634
45,1009,145154
45,124,941226
45,133,1182169
45,15,1390232
45,186,1413882
45,263,1248131
45,263,424045
45,271,314662
45,291,228308
45,318,482130
45,359,52525
45,402,341988
45,433,66222
45,461,1506431
45,497,871934
45,527,257965
45,535,253360
45,541,475010
45,588,261716
45,597,371629
45,62,27083
45,636,658838
45,743,1332341
45,743,299091
45,748,1157585
45,748,1423348
45,748,189337
45,748,306762
45,748,316749
45,748,390907
45,748,54543
45,748,767689
45,748,90959
45,762,1606685
45,785,848357
45,788,1550586
45,808,728227
45,847,1299426
45,847,1306388
45,847,1428603
45,847,530327
45,847,552532
45,866,478361
45,901,1510328
45,923,913573
45,983,1399761
46,1009,1536869
46,1009,326875
46,1009,96953
46,111,42598
46,124,869409
46,588,1489086
46,588,45229
46,588,63738
46,695,1550636
46,748,13348
46,748,1595863
46,748,17276
46,748,293297
46,748,88432
46,748,968343
46,809,1210481
46,943,680378
46,95,1027631
47,1048,40055
47,160,1518892
47,160,1588086
47,160,201469
47,160,757593
47,259,1050823
47,286,1431157
47,337,791881
47,362,116369
47,376,713540
47,577,1113005
47,720,33894
47,748,1488199
47,748,403258
47,79,1495670
47,83,571266
48,1021,337825
48,1050,589527
48,133,260275
48,151,622306
48,277,683878
48,288,958168
48,324,1001215
48,358,730122
48,561,830219
48,577,1494773
48,733,623413
48,748,1136576
48,748,1481015
48,781,504192
48,895,23154
48,98,1285273
48,99,670282
48,99,817571
48,990,1363612
49,1015,1139291
49,1015,1342862
49,1015,722552
49,1046,106026
49,1046,1258871
49,1046,150824
49,1046,1521357
49,1046,199309
49,1046,285917
49,1046,57240
49,1046,834121
49,1046,840106
49,1046,846219
49,1046,847923
49,1060,541039
49,17,1586480
49,173,1454497
49,186,1236554
49,186,393993
49,186,957651
49,191,1357253
49,203,796177
49,228,715642
49,29,615685
49,290,1509557
49,353,215078
49,353,677223
49,353,975091
49,354,1268114
49,395,457972
49,419,319160
49,440,958784
49,467,1217657
49,467,1587923
49,467,573668
49,48,279498
49,496,825540
49,569,1131687
49,569,170302
49,585,565721
49,635,45313
49,64,204572
49,64,953442
49,748,338565
49,748,408128
49,748,551034
49,750,1063103
49,765,305772
49,765,508020
49,765,648829
49,816,519093
49,83,1419517
49,843,1387348
49,843,1554525
49,843,583410
49,853,1580490
49,869,1146441
49,934,1127197
49,934,1201388
49,934,488765
49,934,569372
49,934,813778
49,934,960664
49,935,837072
49,947,927304
49,962,833839
49,967,1210265
49,967,170095
5,1036,1589323
5,133,860580
5,16,1118358
5,207,759509
5,646,150751
5,748,228871
50,843,88301
50,900,533119
50,93,1294872
51,1029,1032066
51,276,730625
51,339,1189133
51,339,1402028
51,339,492621
51,339,512769
51,339,837793
51,339,932223
51,339,955173
51,360,205197
51,423,1245528
51,423,690199
51,748,391425
51,843,1246228
51,951,643631
52,1026,1137822
52,16,506301
52,328,711869
52,479,480967
52,485,429716
52,611,1393602
52,650,1193983
52,733,1383908
52,766,1031242
52,847,907722
52,861,701556
52,888,1240690
52,982,473678
53,1015,1351475
53,1019,1038849
53,1033,347615
53,112,150908
53,134,1044032
53,140,636416
53,157,1153378
53,157,670118
53,157,742479
53,178,285141
53,18,46944
53,18,684982
53,186,1562083
53,186,220497
53,186,259565
53,186,419872
53,186,607124
53,186,959155
53,237,268542
53,244,128495
53,28,1105742
53,3,646544
53,323,571911
53,33,962375
53,331,1212929
53,351,269475
53,397,760890
53,424,1227220
53,429,1162663
53,450,1334643
53,450,91599
53,451,1390388
53,468,1634659
53,501,330878
53,506,520793
53,524,636811
53,545,252458
53,545,260494
53,555,693781
53,615,237889
53,615,622507
53,619,1514563
53,619,803576
53,620,1386129
53,620,1403202
53,629,611677
53,636,63802
53,642,1323920
53,642,1461973
53,642,526945
53,645,1269147
53,667,1036323
53,746,62112
53,748,1339783
53,748,1387586
53,748,139541
53,748,1426386
53,748,624057
53,748,97405
53,766,1455462
53,766,202873
53,766,566962
53,811,1153307
53,811,1529260
53,812,441565
53,820,1435215
53,820,1447931
53,820,224301
53,820,33425
53,820,993960
53,83,338687
53,836,712431
53,843,1460297
53,843,1470988
53,843,1594446
53,843,1604151
53,843,176240
53,843,302292
53,843,335373
53,843,366748
53,843,567827
53,843,792086
53,848,1495234
53,848,789114
53,853,472799
53,856,452125
53,89,891158
53,899,1312719
53,98,359657
53,998,1454138
54,1014,102460
54,1039,1429427
54,1042,1458595
54,1042,1620482
54,110,1552930
54,142,1234823
54,215,172788
54,286,958339
54,352,1220657
54,352,227904
54,352,327365
54,352,455437
54,352,508610
54,352,589977
54,352,748243
54,352,767141
54,352,840107
54,366,1559998
54,370,179038
54,39,1035243
54,39,1312827
54,39,1404248
54,39,1617468
54,39,249375
54,39,33219
54,39,516180
54,39,749168
54,39,933318
54,423,1124813
54,423,1171287
54,423,80890
54,558,1054023
54,564,703280
54,596,148759
54,682,486717
54,705,36247
54,753,1257437
54,765,415637
54,947,1195229
54,947,1549938
54,954,819
54,965,1143362
54,975,889330
54,98,1103504
54,990,1575906
54,995,363960
55,1007,870531
55,1010,1571610
55,1015,389636
55,1016,1034238
55,1016,1189464
55,1016,1307846
55,1016,1532681
55,1016,183460
55,1016,634509
55,1023,1041104
55,1042,1007454
55,1042,1413518
55,1046,1035429
55,1046,108404
55,1046,1151255
55,1046,12854
55,1046,1387424
55,1046,1422689
55,1046,1500245
55,1046,1598884
55,1046,270810
55,1046,271829
55,1046,384959
55,1046,437074
55,1046,448931
55,1046,463236
55,1046,482733
55,1046,531623
55,1046,640474
55,1046,700413
55,1046,712679
55,1046,739652
55,1046,793982
55,1046,853860
55,1046,857065
55,1046,858832
55,1046,859637
55,1046,882325
55,1046,973284
55,1047,511600
55,1057,1503773
55,120,1094771
55,120,1372574
55,125,136569
55,125,557776
55,13,818201
55,131,249614
55,133,175772
55,133,619845
55,133,813055
55,142,1123129
55,142,1563598
55,178,1613932
55,186,356355
55,188,550402
55,197,713977
55,200,101487
55,200,1371982
55,200,1440562
55,200,1529460
55,200,1548918
55,200,232698
55,200,39713
55,200,480315
55,200,620918
55,200,631618
55,200,671146
55,200,814224
55,202,99644
55,204,1002173
55,207,1054524
55,207,1169147
55,207,157571
55,246,234341
55,246,588514
55,246,771098
55,246,974081
55,257,1318590
55,309,67388
55,327,551315
55,344,593095
55,351,1085015
55,351,1119495
55,351,1252303
55,351,1265434
55,351,1292293
55,351,1376373
55,351,1600616
55,351,1614012
55,351,307295
55,351,331461
55,351,347809
55,351,454623
55,351,459177
55,351,483371
55,351,522264
55,351,654212
55,351,991240
55,353,1258566
55,353,1424266
55,353,1572730
55,353,206490
55,353,56194
55,355,1237847
55,363,910071
55,369,119788
55,377,703329
55,390,1441479
55,402,116518
55,402,229961
55,402,712599
55,416,290164
55,416,590416
55,416,605573
55,416,684969
55,419,549508
55,436,315709
55,449,1632479
55,458,936688
55,473,578626
55,479,1175160
55,487,1364692
55,488,1433336
55,488,1615141
55,489,825241
55,547,1251368
55,559,119353
55,559,1324985
55,559,1422494
55,559,1563640
55,559,41237
55,559,508504
55,559,556897
55,559,617649
55,559,698779
55,559,702207
55,559,92876
55,562,488429
55,566,364812
55,566,365646
55,566,671906
55,566,86618
55,569,343347
55,569,510529
55,569,631217
55,569,966658
55,578,1415108
55,578,1617739
55,608,1112521
55,619,586771
55,619,695776
55,619,856214
55,620,122434
55,620,24911
55,632,1090237
55,632,1585802
55,632,182227
55,632,567438
55,641,290171
55,652,1365648
55,661,971586
55,665,323728
55,724,1271779
55,724,193466
55,724,52841
55,729,1276412
55,733,373215
55,739,299977
55,748,191488
55,748,389510
55,752,514352
55,752,543007
55,76,318662
55,76,995288
55,765,1261368
55,765,486595
55,765,508973
55,765,958989
55,766,1618961
55,779,1136568
55,792,1128664
55,806,953752
55,810,698071
55,812,1580648
55,812,259821
55,812,683405
55,816,452655
55,824,1290772
55,824,1579644
55,824,305850
55,83,1476790
55,83,221869
55,842,613324
55,843,1310810
55,843,1440997
55,843,1484844
55,843,1582327
55,843,811036
55,853,1195672
55,853,1242806
55,858,1332098
55,866,1120342
55,868,1611598
55,868,534664
55,877,130011
55,877,715925
55,88,1317051
55,88,171694
55,917,1174801
55,917,1503768
55,917,1576756
55,936,112020
55,947,1306109
55,947,1347493
55,947,242355
55,947,635502
55,947,727685
55,949,614191
55,958,1427525
55,970,190463
55,98,1268571
55,98,300543
55,98,350145
55,99,132793
55,990,1156771
55,990,253278
55,990,965000
55,995,1578950
55,995,167778
55,995,266319
55,995,496946
56,1010,311333
56,1042,1297072
56,1046,1060147
56,1046,1217320
56,1046,1309964
56,1046,1315888
56,1046,1348162
56,1046,1361681
56,1046,1367470
56,1046,1472477
56,1046,1478346
56,1046,1486897
56,1046,1552794
56,1046,262603
56,1046,293671
56,1046,333341
56,1046,388214
56,1046,434775
56,1046,450893
56,1046,452645
56,1046,576443
56,1046,584421
56,1046,724374
56,1046,747067
56,1046,794278
56,1046,853578
56,1046,873604
56,1046,888749
56,1046,903993
56,1046,945710
56,1046,964418
56,1046,974200
56,133,431549
56,133,694818
56,142,1409704
56,142,283053
56,142,399809
56,142,659136
56,184,55440
56,186,739369
56,186,81491
56,188,671121
56,188,73427
56,198,1001171
56,198,1039530
56,198,1188251
56,198,1268355
56,198,1448364
56,198,1589580
56,198,1603648
56,198,1611290
56,198,1612033
56,198,175412
56,198,218475
56,198,311278
56,198,666236
56,198,670439
56,198,703433
56,198,758804
56,198,857699
56,198,935664
56,207,873895
56,210,1015392
56,210,1291850
56,210,236336
56,210,307704
56,246,1102638
56,258,1035779
56,258,106274
56,258,1187325
56,258,1223223
56,258,1304353
56,258,1343509
56,258,1349462
56,258,1384393
56,258,140641
56,258,1430922
56,258,1527919
56,258,1578001
56,258,1627393
56,258,163195
56,258,201202
56,258,241291
56,258,291541
56,258,462354
56,258,518
56,258,521852
56,258,606458
56,258,769777
56,258,852993
56,258,920183
56,258,953824
56,258,972705
56,297,1163972
56,297,997662
56,305,652115
56,312,1259198
56,326,1608835
56,337,356747
56,351,170093
56,351,301831
56,353,897841
56,358,199651
56,377,358544
56,402,524320
56,402,829112
56,419,1253904
56,419,367966
56,504,876675
56,528,1245829
56,536,1491234
56,565,427580
56,569,1003978
56,569,1218752
56,569,1227764
56,569,1233042
56,569,36268
56,569,607079
56,569,693130
56,569,935864
56,569,966551
56,569,968087
56,582,1574533
56,619,38297
56,733,1036449
56,733,1076133
56,733,1113981
56,733,1119231
56,733,1386971
56,733,1493605
56,733,1588326
56,733,326503
56,733,473483
56,733,475948
56,733,950824
56,748,336615
56,748,619057
56,748,643122
56,752,426273
56,811,1000496
56,811,101238
56,811,1085787
56,811,122740
56,811,1278612
56,811,1345526
56,811,135874
56,811,1389869
56,811,1410892
56,811,1494676
56,811,1496157
56,811,1524499
56,811,171098
56,811,179769
56,811,187413
56,811,200573
56,811,408246
56,811,567801
56,811,619298
56,811,950814
56,812,1002733
56,812,1222952
56,812,172249
56,812,440066
56,812,672096
56,812,777019
56,812,777385
56,812,858330
56,812,914237
56,829,83104
56,832,1063259
56,843,1092524
56,843,1131150
56,843,1394023
56,843,1418258
56,843,1505102
56,843,1565523
56,843,258118
56,843,265610
56,843,634034
56,843,802861
56,843,96965
56,855,573028
56,868,1100030
56,927,100283
56,927,1145864
56,927,1167816
56,927,1194693
56,927,1195215
56,927,1246886
56,927,1302730
56,927,1444893
56,927,1445153
56,927,1608631
56,927,270297
56,927,293213
56,927,378047
56,927,617449
56,927,641218
56,927,705745
56,927,785241
56,927,795284
56,927,803287
56,927,911644
56,98,644289
56,988,361648
57,1010,456423
57,1049,1129055
57,1049,405955
57,130,1202659
57,130,332159
57,156,816664
57,158,1596081
57,167,336285
57,167,504140
57,167,787372
57,177,1403635
57,177,1510857
57,178,1170805
57,178,1311448
57,178,1490231
57,186,415296
57,225,176687
57,329,741806
57,334,1439684
57,334,1484979
57,334,877143
57,368,725194
57,37,1292445
57,402,644436
57,403,1117849
57,426,1451908
57,44,295326
57,478,1341547
57,479,1283797
57,479,43119
57,479,791570
57,488,322111
57,511,1493428
57,57,363759
57,57,398876
57,61,1276772
57,61,1545710
57,629,1396402
57,67,959109
57,693,1409615
57,693,839428
57,752,576465
57,77,640568
57,802,416886
57,806,1298116
57,806,1452015
57,806,1570354
57,806,1571328
57,806,291615
57,806,569224
57,806,653680
57,806,935269
57,806,986299
57,811,1029563
57,811,109566
57,811,1101986
57,811,1174087
57,811,1304471
57,811,1403147
57,811,1441346
57,811,555203
57,811,790466
57,811,872834
57,818,482214
57,818,938770
57,819,1206765
57,852,77976
57,880,505678
57,898,1108261
57,913,1392729
57,947,1254489
57,947,1322833
57,947,1423857
57,947,1491434
57,947,1544396
57,947,267473
57,947,389303
57,947,401133
57,947,574473
57,947,746253
57,947,75412
57,974,1447840
57,977,961532
58,99,335521
59,1010,1237582
59,129,1439132
59,129,458990
59,129,686664
59,155,442261
59,171,425504
59,186,180000
59,226,906206
59,313,1191721
59,344,168342
59,344,269510
59,387,1600263
59,402,406697
59,402,895396
59,514,425216
59,517,1374212
59,517,1385092
59,517,153065
59,517,841704
59,569,713295
59,601,1224064
59,601,1272558
59,601,1398985
59,601,260230
59,601,518877
59,613,823353
59,620,119933
59,637,1463048
59,640,344615
59,640,654791
59,661,425657
59,72,1521315
59,748,1027604
59,748,1522034
59,798,312888
59,811,332959
59,811,890237
59,812,1180167
59,812,941327
59,816,1320563
59,834,283925
59,843,1216697
59,843,138057
59,843,262041
59,843,597075
59,843,830791
59,844,1113954
59,844,45246
59,844,674421
59,856,549031
59,917,623868
6,1048,383815
6,160,1113665
6,160,1569463
6,337,1389838
6,720,1265741
6,748,953285
6,79,1253573
6,809,553320
6,83,757204
60,1046,31227
60,216,110148
60,216,1240175
60,216,1240582
60,216,1281198
60,216,1374504
60,216,24773
60,216,397946
60,216,447680
60,216,751647
60,216,7765
60,216,99470
60,223,1095460
60,223,1209079
60,373,1448267
60,572,1633451
60,793,493227
60,799,274037
60,941,1366454
60,995,962776
61,1025,1437133
61,112,80799
61,27,976175
61,285,1605536
61,332,1228635
61,378,133679
61,391,232342
61,393,32770
61,41,369455
61,41,697975
61,423,1341044
61,423,379453
61,423,485905
61,474,1319383
61,474,1476838
61,474,1486596
61,474,4697
61,743,1324581
61,743,1618363
61,743,527700
61,743,974919
61,847,1384206
61,847,1432649
61,847,535771
61,847,551965
61,98,1196920
61,98,1361954
61,98,1422973
61,98,1509695
61,98,156774
61,98,53170
62,1001,1329277
62,101,1168459
62,101,1235077
62,1012,881172
62,1012,892096
62,1018,1314913
62,115,1606697
62,122,860366
62,122,939768
62,13,1450599
62,13,71068
62,146,781942
62,161,1037884
62,165,2664
62,173,922926
62,183,276374
62,186,1088620
62,186,851384
62,192,967763
62,196,440821
62,224,1316432
62,224,1335125
62,224,1337650
62,224,1634012
62,224,360033
62,244,1008086
62,244,259412
62,244,310768
62,26,1335823
62,268,320846
62,278,1425310
62,280,1492803
62,281,1505199
62,302,1357543
62,302,390067
62,302,950318
62,322,803422
62,333,1543086
62,337,979610
62,341,1248901
62,368,520896
62,380,184438
62,380,863772
62,392,1404935
62,392,1453181
62,392,1481722
62,392,208842
62,392,270538
62,395,1246907
62,402,256089
62,417,681382
62,444,543626
62,459,561731
62,459,729258
62,459,80013
62,477,1016462
62,483,1475622
62,484,330025
62,494,1334116
62,550,1239235
62,550,1278509
62,550,1303067
62,550,173834
62,550,31272
62,550,335819
62,550,482663
62,550,51188
62,550,534222
62,550,629242
62,550,649296
62,550,694709
62,586,74697
62,588,188713
62,598,70687
62,614,1302030
62,615,1081065
62,615,697298
62,615,883004
62,615,95377
62,640,682706
62,723,105346
62,727,1366223
62,727,909895
62,748,1324171
62,748,1589311
62,748,626078
62,752,475886
62,766,1038882
62,766,1130863
62,766,1245900
62,766,1325258
62,766,140948
62,766,149007
62,766,1492655
62,766,189389
62,766,368117
62,766,445494
62,766,719617
62,766,838100
62,773,644088
62,773,970965
62,805,845350
62,821,644105
62,828,1337035
62,83,643018
62,831,399491
62,843,1108580
62,843,1171415
62,843,1295702
62,843,1314358
62,843,1371940
62,843,1388958
62,843,1510645
62,843,1536642
62,843,1543055
62,843,159604
62,843,161823
62,843,194081
62,843,25308
62,843,25354
62,843,314477
62,843,343155
62,843,415627
62,843,461263
62,843,525085
62,843,617650
62,843,771285
62,843,773073
62,843,794612
62,843,847028
62,843,973311
62,856,977235
62,862,499705
62,873,882501
62,882,1056393
62,882,1567803
62,882,646537
62,930,893278
62,955,1115019
62,969,115189
62,969,1589469
62,969,224561
62,979,195864
63,765,176152
63,84,881498
63,843,1003432
63,900,1078402
63,93,376378
64,1043,818913
64,65,1079907
64,811,1608286
64,811,655148
64,83,694651
64,917,760908
65,1024,332392
65,1037,1103419
65,1037,1110882
65,1037,128021
65,1037,1287003
65,1037,1609820
65,1037,35926
65,1037,852949
65,1037,8668
65,1046,1389299
65,1046,582088
65,1055,441702
65,13,1462812
65,256,447235
65,260,691049
65,268,551852
65,283,57851
65,313,1176398
65,331,657699
65,351,462928
65,351,99309
65,39,229055
65,39,266031
65,39,399117
65,39,408718
65,39,492173
65,39,626826
65,39,945550
65,398,1006615
65,398,337101
65,398,656583
65,402,986780
65,407,173057
65,419,342899
65,419,671756
65,423,525693
65,423,588263
65,425,210323
65,457,668482
65,459,1237509
65,459,1346980
65,459,1406483
65,459,14451
65,459,1458187
65,459,1504490
65,459,1553391
65,459,281321
65,459,473655
65,459,690745
65,459,795787
65,459,875176
65,459,901180
65,459,956351
65,459,986988
65,510,432003
65,514,20895
65,515,1436153
65,523,1122957
65,523,1327263
65,523,1591858
65,523,450634
65,526,814697
65,532,1114043
65,534,1414529
65,539,557699
65,542,1245051
65,542,1484180
65,542,1506705
65,542,1624178
65,542,995930
65,566,1250266
65,574,174040
65,58,1028056
65,619,1021173
65,619,132946
65,619,239778
65,619,258010
65,619,399989
65,619,678550
65,619,783449
65,627,231932
65,632,599421
65,640,1195983
65,640,1551328
65,640,334873
65,640,536595
65,644,924017
65,656,1035384
65,701,116257
65,710,1402704
65,710,1536809
65,710,435511
65,710,869286
65,737,669525
65,738,1237830
65,748,1396636
65,748,32114
65,751,1259390
65,763,71407
65,782,1002017
65,783,1184986
65,800,1044952
65,811,1516717
65,812,263763
65,83,550131
65,841,471398
65,843,263537
65,85,960822
65,866,1168745
65,87,339666
65,885,1412306
65,937,1346830
65,939,939526
65,94,1076149
65,94,1138074
65,94,1217965
65,94,1449257
65,94,198330
65,94,277760
65,94,442912
65,94,77601
65,972,1147616
65,972,339131
65,990,733972
66,1014,1623716
66,1015,1125570
66,1015,1465504
66,1015,491266
66,1042,730306
66,1046,1073571
66,1046,1218257
66,1046,1266316
66,1046,1298523
66,1046,1419333
66,1046,1543688
66,1046,543175
66,1046,750650
66,1046,777746
66,1046,84392
66,1046,922718
66,113,949985
66,136,1385297
66,148,102056
66,173,564795
66,173,873184
66,186,1078665
66,186,161243
66,186,171149
66,186,492737
66,186,621119
66,186,734166
66,282,854864
66,282,902777
66,282,912233
66,290,1130719
66,342,1190219
66,353,200641
66,353,302093
66,353,855055
66,392,1420891
66,402,1566667
66,419,1542635
66,434,99190
66,450,1611439
66,454,1274725
66,549,260191
66,553,128045
66,560,1168099
66,575,1142768
66,580,789935
66,64,1318062
66,64,149091
66,64,1492570
66,64,556290
66,64,737241
66,64,799978
66,64,830929
66,651,1145225
66,676,1351064
66,748,103665
66,748,1199538
66,748,378671
66,748,844300
66,765,1312986
66,766,1114303
66,766,414468
66,793,152495
66,815,1255893
66,815,864521
66,816,1621749
66,853,105993
66,967,1156637
66,967,154953
66,967,1582139
66,967,322127
66,98,1144290
66,99,1055386
66,99,741568
66,996,1372742
66,996,1516360
66,996,245450
67,1010,214439
67,1046,1295726
67,198,653560
67,198,912470
67,255,520241
67,351,1557419
67,39,1420656
67,612,1461409
67,612,515065
67,619,124063
67,741,1001050
67,741,1195670
67,752,1155397
68,1055,1202179
68,186,1346275
68,186,586649
68,186,671076
68,187,1348347
68,198,1459109
68,198,511410
68,198,689804
68,198,869012
68,205,950905
68,209,1510917
68,217,602162
68,240,821208
68,252,1163742
68,306,841606
68,35,1271015
68,358,35421
68,39,1142294
68,39,136919
68,39,1514774
68,39,1535202
68,39,1574097
68,39,1599236
68,39,347572
68,39,508421
68,39,730119
68,421,112093
68,463,1128971
68,479,1345639
68,482,281813
68,501,1197031
68,501,1586306
68,501,285265
68,578,255954
68,578,369048
68,614,1012668
68,614,1219652
68,614,253296
68,614,356287
68,614,553867
68,679,930278
68,704,1576670
68,710,1127056
68,710,1132729
68,72,1328888
68,733,1025031
68,733,245116
68,733,320288
68,733,529587
68,733,621407
68,733,791970
68,733,945407
68,748,1058215
68,748,364943
68,748,472094
68,748,510713
68,766,1383804
68,803,1605526
68,832,252620
68,832,83124
68,843,1445951
68,860,1401559
68,885,769933
68,931,1203353
68,931,375925
68,931,778481
68,931,844834
68,99,804724
68,995,1195174
68,995,1235424
68,995,1295238
68,995,798510
69,352,1222406
69,352,47132
69,352,591851
69,707,820468
69,738,974125
69,748,758512
69,840,1206999
69,922,865268
69,945,318455
7,1024,1042089
7,1035,240550
7,1042,1100810
7,1042,411362
7,1042,725325
7,1046,1011986
7,1046,1052786
7,1046,1079268
7,1046,1094197
7,1046,130397
7,1046,1333631
7,1046,1344823
7,1046,1361278
7,1046,1376239
7,1046,1480302
7,1046,1490809
7,1046,1524656
7,1046,1607304
7,1046,1635195
7,1046,226293
7,1046,303444
7,1046,422086
7,1046,425307
7,1046,577055
7,1046,622717
7,1046,657371
7,1046,694070
7,1046,729709
7,1046,758639
7,1046,795625
7,1046,846911
7,1046,980676
7,1056,1474802
7,1058,583112
7,125,1543503
7,125,929906
7,129,632380
7,13,1390208
7,13,45446
7,13,672001
7,13,789530
7,13,931347
7,132,602152
7,142,608401
7,143,1223379
7,168,530150
7,178,307938
7,178,578004
7,182,437870
7,188,1119443
7,19,571246
7,20,1557521
7,207,661580
7,207,721885
7,250,1432952
7,253,1234132
7,253,1241298
7,253,1590442
7,253,228876
7,253,333898
7,253,34692
7,253,449410
7,253,449988
7,253,753405
7,253,808730
7,284,571684
7,287,643327
7,31,1591237
7,31,863774
7,337,1303570
7,351,1080389
7,351,1613917
7,351,890819
7,353,189018
7,356,1600673
7,377,1461278
7,377,75411
7,407,1320933
7,419,407061
7,419,622380
7,430,168173
7,450,1277813
7,46,421991
7,47,670572
7,515,885765
7,534,1365386
7,534,475126
7,534,917881
7,543,1432344
7,548,1136297
7,566,145447
7,566,860076
7,576,1094931
7,578,174806
7,578,644629
7,579,293978
7,583,261480
7,608,1553891
7,608,157908
7,608,174631
7,619,1101327
7,619,1250075
7,619,1265713
7,619,1271060
7,619,1328364
7,619,1368631
7,619,1395473
7,619,1483188
7,619,1493373
7,619,1505416
7,619,1573894
7,619,1582649
7,619,16339
7,619,182328
7,619,202431
7,619,283311
7,619,309026
7,619,417145
7,619,425398
7,619,611462
7,619,632579
7,619,696368
7,619,814027
7,619,826472
7,619,909074
7,619,93277
7,619,942775
7,619,99695
7,622,829508
7,631,838866
7,636,222723
7,636,753430
7,636,770392
7,636,839686
7,640,1363816
7,652,1083071
7,672,1342392
7,698,130540
7,70,1505862
7,725,578759
7,733,400341
7,733,87507
7,735,269544
7,738,145784
7,738,1459705
7,74,481640
7,748,1185985
7,748,159659
7,748,221647
7,752,1368391
7,752,81543
7,765,1307380
7,765,1629872
7,765,21991
7,765,686892
7,765,801720
7,765,881007
7,765,992721
7,787,1135949
7,787,11710
7,787,1238347
7,787,1398934
7,787,1458770
7,787,170996
7,787,340799
7,787,509390
7,787,616432
7,787,923887
7,789,1132513
7,794,1508936
7,812,318022
7,816,1563287
7,816,484753
7,83,1213580
7,83,838745
7,83,92901
7,87,118553
7,87,1539674
7,87,195408
7,886,1199083
7,896,1635504
7,90,1066389
7,917,297049
7,94,1237599
7,94,1291838
7,94,1302014
7,94,1324607
7,94,1443582
7,94,1484014
7,94,1527783
7,94,1549710
7,94,155335
7,94,516874
7,94,757151
7,972,987623
7,976,478795
7,99,1156110
7,99,436683
7,99,789120
7,990,1047462
7,990,1466475
7,990,1519054
7,990,275261
7,990,503470
7,990,687607
7,995,1007030
7,995,1279127
7,995,190601
7,995,259067
7,995,539153
70,1054,1369778
70,1054,1505959
70,1054,606942
70,1054,805131
70,389,1247992
70,389,1394119
70,389,150627
70,389,186800
70,389,459130
70,389,520558
70,42,1368921
70,42,1453548
70,42,242292
70,42,619394
70,42,874407
70,42,881880
70,644,204679
70,644,2352
70,816,1089579
70,816,1312038
70,816,169263
70,816,52468
70,816,535759
70,816,552138
70,816,552369
70,816,696671
70,98,1081581
70,98,1252322
70,98,520001
70,98,68172
70,98,744847
70,98,933950
70,98,97671
70,98,979435
71,139,1124276
71,207,65039
71,242,474752
71,331,1220292
71,331,1342555
71,353,307952
71,402,1196330
71,419,1118579
71,503,444782
71,503,75988
71,531,1586699
71,554,1162665
71,566,1230967
71,588,428000
71,608,1488132
71,652,1217463
71,697,1572159
71,714,814665
71,765,416689
71,766,160192
71,766,1709
71,766,568235
71,813,779439
71,816,1384415
71,843,140800
71,881,1587705
71,887,504144
71,947,364368
71,986,1302097
71,986,247853
72,1002,1388907
72,316,1001825
72,316,1029387
72,316,577741
72,377,1081490
72,377,1107670
72,402,373622
72,408,897407
72,423,1191548
72,423,1313320
72,423,1510412
72,423,1546248
72,423,242611
72,423,382599
72,423,576499
72,423,703750
72,472,973460
72,5,752275
72,587,418752
72,600,870430
72,620,1018970
72,620,1243753
72,620,174903
72,620,291818
72,620,709670
72,629,1367596
72,677,100360
72,677,1070225
72,677,1156210
72,677,1157442
72,677,1279102
72,677,1313244
72,677,1509679
72,677,1513530
72,677,1514157
72,677,16914
72,677,171675
72,677,253807
72,677,257684
72,677,335412
72,677,421985
72,677,511321
72,677,521225
72,677,822967
72,677,906377
72,677,913402
72,677,927555
72,763,1003881
72,763,1016995
72,763,1034366
72,763,1057368
72,763,1068906
72,763,1094149
72,763,1103678
72,763,1108829
72,763,1335679
72,763,1340230
72,763,1347963
72,763,1458797
72,763,1581713
72,763,1595883
72,763,1600248
72,763,227861
72,763,245530
72,763,25893
72,763,279099
72,763,329778
72,763,346570
72,763,478949
72,763,581733
72,763,671728
72,763,685253
72,763,690533
72,763,695049
72,763,758301
72,763,781833
72,763,808149
72,763,83951
72,763,865031
72,763,886495
72,770,1171045
72,770,983282
72,817,169080
73,1015,268380
73,114,18222
73,172,546437
73,189,963151
73,257,1434192
73,353,1321716
73,353,99710
73,389,1220897
73,390,104355
73,390,1096680
73,419,475055
73,563,64334
73,566,187507
73,578,956503
73,601,1283352
73,61,1067255
73,619,1335331
73,671,432747
73,739,572535
73,752,1180639
73,752,1233989
73,752,247347
73,752,846823
73,765,1241014
73,765,796916
73,812,1484892
73,879,700387
73,917,527978
73,917,740435
73,922,748736
73,987,1303161
73,995,1261945
74,142,1218007
74,177,1158185
74,177,1164049
74,177,1558319
74,177,932334
74,443,388129
74,443,410945
74,443,99489
74,45,1193872
74,619,1466996
74,856,915146
75,1046,1074904
75,1046,1488329
75,1046,295541
75,1046,486544
75,30,1350887
75,766,657800
75,907,1605874
75,907,337372
75,907,987559
76,1015,1005366
76,1015,795264
76,1046,489773
76,1046,781446
76,159,1480093
76,170,1213924
76,186,455660
76,198,1215182
76,198,953961
76,234,396328
76,306,1267824
76,306,893510
76,351,1451369
76,353,104305
76,353,1439251
76,353,917435
76,358,1052399
76,358,835482
76,386,498344
76,409,193438
76,420,342495
76,488,1148271
76,488,1430767
76,488,504809
76,50,1500365
76,612,1145468
76,655,162218
76,717,1048790
76,718,1025747
76,718,1293926
76,718,871890
76,736,151644
76,748,344275
76,75,160998
76,752,502852
76,765,539792
76,822,1620778
76,826,1627999
76,83,1564104
76,832,1174247
76,832,1315175
76,832,650146
76,917,71198
77,1008,390837
77,1008,434400
77,1014,153590
77,1014,235097
77,1037,1083466
77,1042,1125923
77,1045,884861
77,1055,970199
77,1055,988132
77,125,1557594
77,125,271945
77,125,847435
77,127,1080514
77,129,1464958
77,129,409823
77,13,542693
77,179,358206
77,183,888503
77,217,101278
77,218,707820
77,285,1454191
77,308,1036541
77,315,1593428
77,315,1619849
77,315,223563
77,315,437440
77,315,653217
77,340,45423
77,377,1003254
77,377,1121973
77,377,321469
77,39,1254036
77,39,800872
77,407,1176302
77,407,1342935
77,423,1585391
77,423,782350
77,459,1174054
77,459,1403503
77,459,414529
77,459,628349
77,459,67325
77,481,372807
77,515,1353690
77,515,878876
77,542,616772
77,569,535350
77,572,293524
77,574,1226314
77,574,345232
77,640,1248448
77,640,450704
77,640,633643
77,721,729924
77,738,1104155
77,738,609340
77,738,819053
77,783,681083
77,789,26503
77,80,1398212
77,812,1277864
77,812,787548
77,823,722397
77,83,1490846
77,83,346680
77,83,403485
77,853,1122340
77,860,1072370
77,87,1178578
77,87,1625481
77,87,231712
77,87,811999
77,870,749375
77,885,1045528
77,885,472635
77,885,510725
77,885,563308
77,917,1019664
77,94,1390933
77,94,1481784
77,94,823180
77,94,928908
77,94,952025
77,961,1215288
77,961,153046
77,961,473701
77,972,1513033
77,99,112234
77,995,1584365
77,995,161790
77,995,259364
77,995,63965
78,1015,313111
78,1016,1325308
78,1046,655821
78,121,1061406
78,186,726121
78,219,310083
78,227,923410
78,353,657416
78,381,314480
78,408,225600
78,473,619841
78,569,116583
78,632,1410022
78,637,722187
78,637,949382
78,729,133020
78,729,1465231
78,765,1349104
78,765,225619
78,811,183312
78,812,1558043
78,812,375402
78,843,161176
78,883,1072815
79,1011,115733
79,423,1056682
79,423,988278
79,765,1383440
79,94,1069392
79,94,1103340
79,94,1297577
79,94,399470
79,94,754787
79,94,920023
79,972,108300
79,972,1423592
79,972,305895
79,972,46254
79,972,546230
8,1015,976701
8,1032,234620
8,1036,91428
8,1046,1092474
8,1046,1127791
8,1046,1211345
8,1046,1335
8,1046,173729
8,1046,328959
8,118,611874
8,13,1062290
8,13,1103416
8,137,444444
8,168,931344
8,180,260053
8,231,66036
8,232,775536
8,248,1332584
8,320,1406505
8,349,51961
8,351,13516
8,413,411238
8,450,1072560
8,552,713004
8,573,179195
8,578,1554811
8,578,235857
8,619,1207468
8,619,1526725
8,619,1592758
8,619,479350
8,619,514549
8,634,37271
8,7,1454335
8,712,1577046
8,749,274697
8,752,557172
8,765,372448
8,765,773619
8,780,1503957
8,787,302176
8,809,1129306
8,878,1156356
8,94,1038466
8,94,1426207
8,94,1470306
8,94,1544321
8,94,271967
8,94,320516
8,94,40279
8,94,71156
8,94,838364
8,96,121362
8,972,1319313
8,972,1383337
8,98,108614
80,1015,546816
80,1046,1373984
80,1046,581038
80,11,1411097
80,11,468411
80,131,1296429
80,181,1602637
80,299,915398
80,334,624153
80,351,767076
80,389,1428201
80,390,1302718
80,450,756261
80,462,253577
80,512,1574651
80,619,733073
80,619,862661
80,632,277042
80,717,473541
80,765,1115299
80,906,445778
81,1009,1065642
81,1015,1350250
81,1022,436975
81,1046,1083617
81,1046,1251043
81,1046,1316222
81,1046,1326862
81,1046,1396440
81,1046,1425934
81,1046,1449461
81,1046,148025
81,1046,1568319
81,1046,1605886
81,1046,168070
81,1046,316620
81,1046,59755
81,1046,667572
81,12,61765
81,122,495667
81,122,649099
81,13,924770
81,150,1437102
81,150,704246
81,175,1313647
81,175,1533757
81,177,79277
81,177,803761
81,186,1027351
81,186,1564797
81,186,185058
81,198,290929
81,203,1078844
81,235,1147125
81,306,984481
81,311,347022
81,330,1315013
81,364,1495439
81,364,444141
81,405,895547
81,423,252916
81,427,1587892
81,43,1431177
81,443,966524
81,467,1609656
81,469,1141579
81,499,605841
81,549,1594111
81,585,1611917
81,585,803032
81,620,1132127
81,620,760063
81,630,115097
81,64,1101277
81,64,1131846
81,64,1240210
81,64,1327306
81,64,133774
81,64,1497680
81,64,1533457
81,64,1631135
81,64,199768
81,64,204602
81,64,380182
81,64,956018
81,659,735431
81,713,1429391
81,713,315702
81,716,842195
81,72,1355696
81,733,705700
81,748,1022480
81,748,321731
81,765,510939
81,766,1112161
81,778,322596
81,793,1389747
81,793,265363
81,793,785404
81,798,1508973
81,812,947922
81,843,1103863
81,843,1146539
81,843,1629976
81,843,179301
81,86,1300713
81,875,1449428
81,907,1443334
81,907,615567
81,909,1518844
81,934,1254508
81,947,263926
81,967,1083845
81,967,760837
81,994,1438207
81,994,949746
82,1029,1261087
82,225,350714
82,225,443222
82,405,381549
82,423,1179083
82,423,390687
82,423,930533
82,630,431406
82,637,1410047
82,637,638034
82,688,940417
82,740,1597977
82,765,256935
82,766,1089347
82,766,756841
82,83,615424
83,302,360785
83,638,1513675
84,133,1156890
84,186,661409
84,198,1109097
84,198,1349087
84,198,1396248
84,198,373674
84,198,393017
84,198,967854
84,209,1110136
84,209,384345
84,209,639866
84,209,895423
84,240,1457346
84,251,923898
84,306,1028509
84,343,1350326
84,35,1372166
84,35,950501
84,351,1238581
84,358,1601750
84,382,41787
84,39,1064113
84,39,1199890
84,39,1410095
84,39,209922
84,39,256396
84,39,279257
84,39,303398
84,39,457148
84,39,700109
84,39,741216
84,39,855694
84,39,905598
84,39,942225
84,423,3255
84,488,1192523
84,488,605381
84,495,405281
84,501,1333393
84,501,997269
84,54,1053274
84,545,614125
84,557,1115693
84,569,114054
84,569,320122
84,614,1408419
84,705,1599868
84,710,1011282
84,710,1261364
84,710,1263062
84,710,253517
84,710,295757
84,710,665284
84,733,1038945
84,733,1189014
84,733,128629
84,733,1299606
84,733,1383752
84,733,153623
84,733,350034
84,733,545064
84,748,642307
84,748,675746
84,752,927210
84,806,259775
84,843,379187
84,868,328148
84,928,121761
84,931,1211486
84,931,1220844
84,931,1342816
84,931,347574
84,931,61959
84,931,91132
84,98,794309
84,990,1598569
84,995,160822
85,1017,1494770
85,1028,118053
85,1028,991266
85,1046,107945
85,1046,129181
85,1046,133568
85,1046,1357321
85,1046,1504842
85,1046,1567757
85,1046,1602082
85,1046,1608638
85,1046,1623284
85,1046,260356
85,1046,31332
85,1046,335324
85,1046,560201
85,142,15388
85,142,704795
85,176,97733
85,186,11860
85,186,744785
85,250,656379
85,26,1112176
85,333,1126443
85,335,1542307
85,337,667512
85,361,173759
85,392,1571012
85,412,987608
85,467,613638
85,475,1146566
85,483,179620
85,544,736434
85,615,168427
85,615,491331
85,620,1433175
85,620,681926
85,623,731757
85,652,147479
85,660,379377
85,687,307934
85,719,681522
85,748,26804
85,766,118260
85,766,127130
85,766,1441849
85,766,377753
85,766,40075
85,766,543176
85,766,605933
85,766,632901
85,766,736734
85,766,857967
85,811,1067588
85,811,1379639
85,811,1632608
85,811,26645
85,811,328491
85,811,617279
85,811,726675
85,83,280289
85,843,1163507
85,843,1193105
85,843,1234659
85,843,1462072
85,843,1559643
85,843,261066
85,843,356888
85,843,404628
85,843,721668
85,843,929958
85,86,222030
85,910,705270
85,912,1259928
85,912,145196
85,912,403446
85,912,856371
86,157,145506
86,157,400392
86,22,1335840
86,41,116230
86,411,811164
86,637,52482
86,642,655999
86,748,1284434
87,1015,1004848
87,1015,481190
87,1020,430014
87,486,1424513
87,620,447969
87,653,742445
87,653,783374
87,765,1286467
87,843,1315586
88,1046,119965
88,1046,1475687
88,1061,809387
88,253,109825
88,337,73199
88,501,1442508
88,619,68319
88,760,1143320
89,1031,1578456
89,1031,180918
89,1031,6813
89,1046,1229363
89,1046,225066
89,1046,551082
89,1046,937796
89,279,1249894
89,279,1608442
89,279,374989
89,299,1235593
89,334,669912
89,385,131139
89,385,474888
89,389,1537273
89,390,176119
89,491,304004
89,619,918887
89,621,1495094
89,621,291083
89,814,114154
89,995,134852
89,995,384946
89,995,784471
9,1014,1192718
9,1015,1381936
9,1015,1388285
9,1019,1392620
9,1024,952977
9,1030,280787
9,1034,1321550
9,1041,26687
9,1042,1368811
9,1042,468845
9,1046,1143332
9,1046,640386
9,125,1260196
9,125,334713
9,125,600966
9,13,1509033
9,131,102391
9,131,181804
9,131,251082
9,131,415068
9,138,730211
9,140,434927
9,144,614377
9,183,58240
9,186,1478492
9,186,1512975
9,186,403753
9,207,1194334
9,245,688958
9,250,624784
9,299,125610
9,299,786325
9,334,503736
9,337,1235131
9,35,179363
9,351,1509296
9,351,1548110
9,351,1631736
9,353,39886
9,375,988205
9,377,97900
9,379,1230977
9,389,1004322
9,390,138724
9,390,151913
9,390,882514
9,419,901958
9,422,1390456
9,439,1123590
9,439,1159514
9,439,910312
9,450,1219295
9,452,291597
9,466,99610
9,473,1169191
9,479,209482
9,492,447577
9,52,1522503
9,529,1243765
9,530,288512
9,545,1402246
9,566,491210
9,569,1108913
9,569,194789
9,571,1450044
9,578,755744
9,588,1631339
9,60,302469
9,609,105116
9,609,185116
9,609,690942
9,609,899009
9,618,898355
9,619,1153485
9,619,128582
9,619,1320617
9,619,1341427
9,619,1366851
9,619,1373680
9,619,146559
9,619,415720
9,619,446008
9,619,45774
9,619,583223
9,619,591469
9,619,682393
9,619,757422
9,619,789703
9,619,824196
9,636,1540392
9,636,767262
9,652,1195379
9,672,1148353
9,731,1112845
9,748,1480417
9,748,1495958
9,748,180983
9,748,84171
9,752,316511
9,763,1166559
9,763,1313638
9,763,60528
9,763,824302
9,764,1298978
9,765,1005337
9,765,1022646
9,765,1143191
9,765,13318
9,765,1487518
9,765,1591643
9,765,220914
9,765,336801
9,765,397308
9,765,425081
9,765,591791
9,765,687690
9,766,303812
9,766,78627
9,766,840701
9,766,908757
9,767,1031718
9,767,1159267
9,767,16105
9,767,240744
9,767,268114
9,767,518692
9,767,534009
9,767,741834
9,767,809908
9,767,886832
9,767,897035
9,772,681927
9,772,827355
9,782,279911
9,791,186087
9,811,1441377
9,811,472099
9,811,566548
9,811,760567
9,811,786507
9,811,86646
9,812,1297349
9,813,417381
9,816,560587
9,823,921743
9,83,1214033
9,83,1279748
9,83,538510
9,864,907907
9,915,362500
9,917,1419755
9,917,622714
9,924,1127378
9,940,1081798
9,942,1594505
9,947,1037967
9,98,1096707
9,984,437912
9,986,122795
9,986,137546
9,986,1469623
9,986,1474031
9,986,1496516
9,986,1579579
9,986,270829
9,986,313850
9,986,335121
9,986,355634
9,986,427856
9,986,517534
9,986,761230
9,986,844158
9,986,907410
9,986,932206
9,99,604574
9,99,823567
9,990,236344
9,997,1247920
90,352,1083824
90,352,1218517
90,352,878844
90,367,1569083
90,39,1047018
90,39,545334
90,39,88622
90,431,1034030
90,738,213723
90,840,1553812
